id	name	des	des2	level	type	atk	hp	speed	def	atkcd	atkrage	cost	skillcd	sv1	sv2	sv3	width	height	headoff	heightoff	mcwidth	mcheight	mcnum	mv_atk	mv_atk2
1	雷电法师	释放雷电之力伤害#1个敌人,造成$2点伤害	范围输出	1	1	30	50	35	0	1	190	4	6	3	20		50	70	0	0	480	480	4	0.3	0		
2	幻影剌客	精通幻影身法，有#1%机率闪避敌人的普通攻击	单体输出	8	1	100	35	80	0	0.8	0	3	0	80			50	60	0	0	480	480	4	0.3	0		
3	宝石狂徒	扔出的飞锤能对敌人造成#1次伤害	单体输出	5	1	16	60	46	0	0.9	70	2	0	3			50	70	0	0	480	480	4	0.3	0		
4	矿工	攻击中有#1%机率使目标眩晕#2秒	辅助	3	1	10	60	55	0	1	0	1	0	80	1		50	65	0	0	480	480	4	0.3	0		
5	重装撕裂者	攻击时有#1%机率对目标造成#2%的暴击伤害	单体输出	18	1	60	540	30	20	1.2	0	8	0	50	300		90	100	0	0	480	480	4	0.3	0		
6	狂战士	攻击时对#2距离内的所有敌方单位造成#1%的溅射伤害 	范围输出	4	1	55	400	39	10	1.3	5	6	0	50	50		80	100	0	0	480	480	4	0.3	0		
7	斧王	当自己血量少于#1%时，每一次攻击都能造成#2%伤害	单体输出	1	1	50	450	45	5	0.8	0	6	0	50	280		80	85	0	0	480	480	4	0.3	0		
9	掌旗使	战鼓光环的作用下，能使所有的已方单位增加#1%攻击力	辅助	16	1	35	600	50	10	1	10	9	0	30			100	90	0	0	480	480	4	0.3	0		
10	巫医	无法攻击敌人，每次施法可为目标队友回复$1点生命值	奶妈	9	1	0	400	45	5	1.1	0	9	1.1	80			90	100	0	0	480	480	4	0.3	0		
11	蛮荒兽人	可免疫所有的负面技能和状态	肉盾	19	1	50	920	40	10	1	0	8	0				110	100	0	0	480	480	4	0.3	0		
13	推车兽人	一直冲向终点，且对#1范围内的所有敌人,造成$2点每秒的伤害	范围输出	6	1	0	430	20	10	0	0	7	0	150	15		110	110	0	0	480	480	4	0.3	0		
14	盾卫	通过盾牌，反弹#1%的近战伤害给攻击者	肉盾	13	1	20	780	30	40	2	0	10	0	30			100	110	0	0	480	480	4	0.3	0		
15	重装斧卫	每次攻击后，都能增加自身#1%的攻击力	单体输出	11	1	45	550	45	18	0.9	0	7	0	35			80	85	0	0	480	480	4	0.3	0		
16	毒巫师	全身是素，能使目标及攻击自己的近战单位中毒，每秒造成$1伤害，持续#2秒	输出	20	1	40	520	42	5	1	0	8	0	50	5		90	100	0	0	480	480	4	0.3	0		
17	铁甲卫士	铁甲上的防御魔法能对所有攻击其的所有单位造成$1伤害	半肉半输出	15	1	75	660	44	25	0.8	0	12	0	12			80	100	0	0	480	480	4	0.3	0		
18	饥饿兽人	可快速消耗体内的能量修复自身的伤口，每秒回$1血	肉盾	17	1	80	1000	30	0	1.8	0	14	0	80			110	110	0	0	480	480	4	0.3	0																													
31	黑耀石菇	攻击中有#1%机率使目标眩晕#2秒	辅助	11	2	20	45	52	10	0.6	100	3	0	70	1		40	45	0	0	480	480	4	0.3	0		
32	碧玉药菇	自身散发出的气场能使#1范围内的已方单位，每秒回复$2点生命	奶妈	6	2	10	50	60	10	1	100	2	0	200	12		40	45	0	0	480	480	4	0.3	0		
33	橙光仙菇	对方生命百分比越小，额外附加伤害越大，上限为$1点	单体输出	15	2	15	40	45	15	1.2	80	3	0	150	0		40	45	0	0	480	480	4	0.3	0		
34	蓝瘦香菇	使目标减速#1%，持续#2秒	辅助	18	2	25	60	50	10	0.8	120	2	0	180	5		40	45	0	0	480	480	4	0.3	0		
35	炽红花菇	召唤一个分身，持续#1秒	单体输出	1	2	25	50	55	5	1	60	2	10	30			40	45	0	0	480	480	4	0.3	0		
36	牛头人	具有重生能力，能在首次死亡后#1秒内复活并回满血	肉盾	2	2	60	320	45	10	1.2	0	7	0	1			100	100	0	0	480	480	4	0.3	0		
38	豌豆射手	每隔一定时间能喷出特殊子弹，降低目标#1%的攻击、防御和速度，持续#2秒,可以叠加	单体输出	8	2	40	100	52	5	0.9	130	6	5	25	20		80	80	0	0	480	480	4	0.3	0		
39	黑石守卫	身体会#1%几率掉下石头，对攻击其的单位造成#2秒眩晕	肉盾	7	2	90	1350	40	15	2.5	0	11	0	30	1		110	95	0	0	480	480	4	0.3	0		
40	橙石守卫	使攻击其的所有单位降低#1%防御力，持续#2秒	肉盾	20	2	40	880	45	35	1.5	0	9	0	30	3		110	95	0	0	480	480	4	0.3	0		
41	蓝石守卫	冰冻的身体会使攻击它的所有单位减速#1%，持续#2秒	肉盾	1	2	20	720	55	10	1.3	0	5	0	30	5		110	95	0	0	480	480	4	0.3	0		
42	红石守卫	死亡后尸体会释放出热量焯烧#1范围内的敌人，每秒造成$2点伤害，持续#3秒	肉盾	19	2	70	880	50	12	1.6	0	8	0	100	20	3	110	95	0	0	480	480	4	0.3	0		
43	黑色风暴	使一个己方单位获得魔免效果并每秒回$2点生命，持续#1秒	辅助、奶妈	3	2	55	400	60	3	1.1	150	9	9	20	25		110	110	0	0	480	480	4	0.3	0		
44	红色风暴	如果攻击杀死了敌人，会使其尸体爆炸，对#1范围内敌方单位造成$2伤害	范围输出	10	2	80	380	65	3	1	80	10	0	50	50		100	110	0	0	480	480	4	0.3	0		
45	蓝色风暴	使一个己方单位加速#1%，持续#2秒	辅助	20	2	50	450	55	3	0.8	100	9	10	50	20		100	110	0	0	480	480	4	0.3	0		
46	橙色风暴	使一个己方单位增加#1%防御力，持续#2秒	辅助	14	2	45	720	50	8	1.3	120	9	8	35	20		100	110	0	0	480	480	4	0.3	0		
48	溶岩精灵	攻击时对目标#1范围的敌方单位造成$2伤害	范围输出	12	2	80	400	30	0	2.2	50	13	0	30	80		150	150	0	0	600	600	4	0.3	0																												
61	黑泥怪	冲向目标并自爆，同时使#1范围内敌人晕#2秒	辅助	13	3	30	150	40	5	1	0	2	0	100	3		60	50	0	0	480	480	4	0.3	0		
62	橙泥怪	冲向目标并自爆，同时降低#1范围内敌人#2%防御力，持续#3秒	辅助	20	3	30	100	45	5	1	0	2	0	100	60	10	60	50	0	0	480	480	4	0.3	0		
63	绿泥怪	冲向目标并自爆，同时感染#1范围内敌人，被感染者每秒损失$2点生命，直到感染者死亡	辅助、范围输出	10	3	20	60	60	5	1	0	3	0	100	50		60	50	0	0	480	480	4	0.3	0		
64	骷髅弓箭手	每次攻击对目标额外造成$1点真实伤害	单体输出	4	3	15	10	44	0	0.8	160	2	0	15			50	70	10	0	480	480	4	0.3	0		
65	骷髅士兵	出战时制造#1个一模一样分身（非召唤物）	凑数	1	3	10	10	50	5	1	0	1	-1	1			50	70	0	0	480	480	4	0.3	0		
66	死神	如果攻击造成目标死亡，在其尸体上召唤#1个骷髅士兵，持续#2秒	单体输出	1	3	100	400	52	4	1.2	0	7	0	2	10		90	80	0	0	480	480	4	0.3	0		
67	骷髅矿工	帽子上附有不知名能量，能为其抵挡#1次伤害	肉盾	17	3	60	10	49	5	1.1	0	3	0	7			70	80	0	0	480	480	4	0.3	0		
68	幽灵	攻击相同的目标时，每次伤害为上一次的#1倍	单体输出	12	3	50	560	55	8	0.8	0	8	0	1.5			80	90	0	0	480	480	4	0.3	0		
69	亡灵	死亡后逸散的能量，能增加已方#1范围内单位#2%攻击力，持续#3秒	辅助	5	3	45	420	36	3	1	0	8	0	100	100	5	80	90	0	0	480	480	4	0.3	0		
70	蓝泥怪	冲向目标并自爆，同时降低#1范围内敌人#2%速度，持续#3秒	辅助、肉盾	2	3	15	400	30	3	1	0	2	0	120	100	5	60	50	0	0	480	480	4	0.3	0		
71	巫妖	每次攻击叠加对方生命上限#1%的伤害	单体输出	19	3	20	550	50	5	1.2	0	10	0	25			90	90	0	0	480	480	4	0.3	0		
72	红袍怨灵	沟通黑暗力量，召唤#1个骷髅士兵到身旁，骷髅士兵存活#2秒	半肉半输出	9	3	60	300	50	3	0.9	100	12	10	2	10		90	100	0	0	480	480	4	0.1	0		
73	木乃伊	每次攻击可从对方身上吸取生命力，回复伤害值#1%的生命值	肉盾	14	3	70	500	50	6	0.8	0	10	0	100			80	110	0	0	480	480	4	0.3	0		
74	白袍怨灵	沟通黑暗力量，召唤#1个骷髅弓箭手到身旁，骷髅弓箭手存活#2秒	单体输出	16	3	55	300	50	3	1	100	12	10	2	5		90	100	0	0	480	480	4	0.1	0		
76	红泥怪	冲向目标并自爆，伤害#1范围内的所有敌人	范围输出	7	3	120	80	40	0	1	0	2	0	150			60	50	0	0	480	480	4	0.3	0		